2 0.86125 0.12484394506866417 0.2775 0.24968789013732834
2 0.63 0.16042446941323346 0.275 0.31835205992509363
2 0.3329166666666667 0.1891385767790262 0.31083333333333335 0.3757802746566791
2 0.09791666666666667 0.24157303370786518 0.19583333333333333 0.40324594257178525
2 0.8804166666666666 0.36641697877652935 0.22416666666666665 0.3333333333333333
2 0.03875 0.4288389513108614 0.0775 0.26591760299625467
2 0.5375 0.4438202247191011 0.34833333333333333 0.4581772784019975
2 0.9241666666666667 0.5761548064918851 0.15 0.22596754057428214
2 0.14541666666666667 0.6117353308364545 0.2891666666666667 0.3945068664169788
2 0.6925 0.7272159800249688 0.265 0.4731585518102372
2 0.22833333333333333 0.8077403245942572 0.3016666666666667 0.36704119850187267
2 0.052083333333333336 0.9344569288389513 0.10416666666666667 0.12359550561797752
