2 0.5848 0.6064285714285714 0.0973 0.7336309523809523
2 0.5031333333333333 0.6317261904761905 0.074 0.6949404761904762
2 0.43316666666666664 0.6733928571428571 0.08070000000000001 0.5669642857142857
2 0.3594 0.7008928571428571 0.07153333333333334 0.5267857142857143
2 0.30233333333333334 0.7395833333333334 0.06406666666666666 0.46130952380952384
2 0.24359999999999998 0.7730952380952381 0.0649 0.4181547619047619
2 0.1932 0.7827380952380952 0.047400000000000005 0.375
2 0.15026666666666666 0.7886904761904762 0.03826666666666667 0.32142857142857145
2 0.08276666666666666 0.8169642857142857 0.04326666666666667 0.25
2 0.11653333333333334 0.8199404761904762 0.0441 0.2916666666666667
2 0.051533333333333334 0.8504761904761905 0.0441 0.23660714285714285
2 0.01863333333333333 0.8586309523809523 0.026633333333333335 0.19345238095238096
2 0.8527 0.5007738095238095 0.24853333333333333 0.9241071428571429
2 0.6843666666666667 0.5275595238095238 0.12143333333333334 0.8705357142857143
