2 0.58002849002849 0.6944444444444444 0.1295156695156695 0.5668055555555556
2 0.08034188034188033 0.6944444444444444 0.10467236467236468 0.5293055555555556
2 0.7494017094017095 0.7010416666666667 0.10142450142450143 0.5349305555555556
2 0.6678062678062678 0.32 0.11874643874643874 0.5574305555555555
2 0.32441595441595444 0.329375 0.10943019943019942 0.5461805555555556
2 0.8364102564102563 0.33034722222222224 0.11108262108262108 0.611875
2 0.4910826210826211 0.3378472222222222 0.12227920227920229 0.5630555555555555
2 0.1639031339031339 0.36409722222222224 0.12247863247863248 0.619375
2 0.40561253561253563 0.6738194444444444 0.11304843304843305 0.5555555555555556
2 0.2374074074074074 0.6803472222222222 0.1107977207977208 0.5349305555555556
2 0.9195441595441595 0.6934722222222223 0.10034188034188034 0.5686805555555555
