2 0.4819333333333334 0.7380952380952381 0.22180000000000002 0.4791666666666667
2 0.8997666666666667 0.7552380952380953 0.1822 0.4895833333333333
2 0.05433333333333334 0.7760714285714285 0.10863333333333335 0.4479166666666667
2 0.3011 0.7924404761904762 0.17176666666666668 0.41517857142857145
2 0.7648 0.8333333333333334 0.1827 0.3333333333333333
2 0.12736666666666666 0.8764880952380952 0.17086666666666667 0.24702380952380953
2 0.5794 0.9107142857142857 0.14683333333333332 0.17857142857142858
2 0.269 0.12202380952380952 0.13906666666666667 0.24404761904761904
2 0.7489333333333333 0.12428571428571428 0.15726666666666667 0.24851190476190477
2 0.5618666666666666 0.2180357142857143 0.17646666666666666 0.43601190476190477
2 0.09193333333333333 0.24851190476190477 0.17993333333333333 0.47023809523809523
2 0.38189999999999996 0.2716071428571429 0.17653333333333335 0.5431547619047619
2 0.8852 0.3541666666666667 0.20523333333333332 0.4880952380952381
2 0.18443333333333334 0.49255952380952384 0.17823333333333333 0.41369047619047616
2 0.6614666666666666 0.5320238095238095 0.211 0.4895833333333333
