2 0.8264056939501779 0.5918994413407821 0.11128113879003558 0.2053631284916201
2 0.4691814946619217 0.6311173184357541 0.14537366548042704 0.3140782122905028
2 0.28644128113879 0.6356424581005586 0.14316725978647685 0.2687709497206704
2 0.6292882562277581 0.6492737430167598 0.10790035587188612 0.27782122905027934
2 0.20565836298932383 0.6635754189944134 0.16647686832740213 0.24307262569832402
2 0.44174377224199285 0.2506145251396648 0.12135231316725979 0.2023463687150838
2 0.6225622775800712 0.2536871508379888 0.10750889679715303 0.25972067039106145
2 0.18594306049822065 0.3140782122905028 0.15761565836298932 0.32312849162011176
2 0.2965480427046263 0.34653631284916203 0.1693950177935943 0.143463687150838
2 0.9243416370106762 0.366927374301676 0.1513167259786477 0.16608938547486032
2 0.7427402135231317 0.4182122905027933 0.14594306049822064 0.21139664804469277
