2 0.4008333333333333 0.7566666666666667 0.23731884057971014 0.35972677595628416
2 0.1668840579710145 0.7862841530054644 0.22228260869565217 0.376448087431694
2 0.5482971014492755 0.8796174863387978 0.002826086956521739 0.0015300546448087434
2 0.8219927536231885 0.16316939890710383 0.22213768115942029 0.32633879781420766
2 0.3927898550724638 0.18972677595628415 0.21920289855072464 0.2974863387978142
2 0.6016304347826087 0.19655737704918033 0.2608333333333333 0.33846994535519126
2 0.15431159420289856 0.2185792349726776 0.24141304347826084 0.376448087431694
2 0.8657608695652174 0.41743169398907104 0.21909420289855072 0.3126775956284153
2 0.6006159420289855 0.45311475409836066 0.25079710144927536 0.34153005464480873
2 0.17492753623188406 0.48803278688524593 0.22028985507246376 0.31114754098360653
2 0.3907971014492754 0.5085245901639345 0.2597826086956522 0.2428415300546448
