2 0.34983333333333333 0.6026785714285714 0.24569999999999997 0.7946428571428571
2 0.06683333333333334 0.6220238095238095 0.13363333333333335 0.49107142857142855
2 0.9539000000000001 0.7701190476190476 0.0922 0.3943452380952381
2 0.23863333333333334 0.9055357142857142 0.28173333333333334 0.18898809523809523
2 0.07183333333333333 0.17410714285714285 0.14363333333333334 0.25297619047619047
2 0.9314 0.26267857142857143 0.1372 0.40029761904761907
2 0.5744 0.4725 0.3534666666666667 0.9449404761904762
2 0.7364999999999999 0.4903571428571428 0.5043333333333334 0.9360119047619048
2 0.20236666666666667 0.5178571428571429 0.24423333333333333 0.4732142857142857
2 0.43439999999999995 0.5335119047619047 0.20983333333333334 0.9330357142857143
