2 0.751578947368421 0.603 0.40248120300751883 0.6496315789473684
2 0.25112781954887214 0.6646842105263159 0.3983082706766917 0.5203157894736842
2 0.19849624060150375 0.19021052631578947 0.23507518796992483 0.1428421052631579
2 0.6023308270676692 0.22257894736842104 0.09319548872180451 0.4451052631578947
2 0.4986842105263158 0.22478947368421054 0.027706766917293235 0.44963157894736844
2 0.4046992481203008 0.2308421052631579 0.08894736842105264 0.4285789473684211
2 0.8551879699248119 0.2638947368421053 0.28962406015037595 0.3263157894736842
2 0.6614285714285714 0.2661578947368421 0.20537593984962407 0.4421052631578947
2 0.13766917293233083 0.2759473684210526 0.27537593984962405 0.2511052631578947
2 0.31609022556390975 0.2759473684210526 0.16954887218045114 0.47968421052631577
