2 0.8556874999999999 0.49459722222222224 0.25803125 0.9212916666666667
2 0.689015625 0.557875 0.11870312499999999 0.8842638888888888
2 0.5892031249999999 0.5941388888888889 0.1065703125 0.75
2 0.5002421874999999 0.6103333333333333 0.0658046875 0.6712916666666666
2 0.436875 0.6666666666666666 0.0970625 0.5586388888888889
2 0.35139062499999996 0.6898194444444444 0.06496874999999999 0.4814861111111111
2 0.289328125 0.7453749999999999 0.076265625 0.4629583333333333
2 0.23464843750000003 0.7631111111111112 0.0502421875 0.4058611111111112
2 0.197765625 0.7785555555555554 0.0355 0.375
2 0.1573984375 0.7816388888888889 0.0606796875 0.31327777777777777
2 0.1174765625 0.8155833333333333 0.043328125 0.27623611111111107
2 0.08102343749999999 0.8364166666666667 0.0416015625 0.2345694444444444
2 0.0484765625 0.8402777777777778 0.0372734375 0.2361111111111111
2 0.020265625000000002 0.8665138888888889 0.032937499999999995 0.21141666666666667
