2 0.6830677083333333 0.7350901525658807 0.26951562500000004 0.5298196948682385
2 0.2987604166666667 0.7794729542302358 0.282375 0.44105409153952846
2 0.7648385416666666 0.11789181692094314 0.20803645833333334 0.23578363384188628
2 0.5669479166666667 0.22052704576976423 0.22474479166666667 0.44105409153952846
2 0.36747916666666663 0.23439667128987518 0.25709895833333335 0.4576976421636616
2 0.9376979166666667 0.2593619972260749 0.124609375 0.5104022191400832
2 0.20033333333333334 0.2884882108183079 0.23132291666666666 0.5769764216366158
2 0.8548854166666667 0.5859916782246879 0.290234375 0.608876560332871
2 0.452390625 0.6539528432732317 0.24597395833333333 0.5561719833564494
2 0.08508333333333334 0.6692094313453537 0.1701666666666667 0.5617198335644937
