0 0.58046875 0.51953125 0.0828125 0.44375
0 0.50625 0.51796875 0.059375 0.440625
0 0.37890625 0.5171875 0.0578125 0.44375
0 0.89921875 0.515625 0.0703125 0.4640625
0 0.3171875 0.51796875 0.0625 0.440625
0 0.6515625 0.51796875 0.059375 0.440625
0 0.1671875 0.51953125 0.08125 0.44375
0 0.24609375 0.51796875 0.0734375 0.440625
0 0.71015625 0.51796875 0.0578125 0.440625
0 0.09453125 0.51953125 0.0609375 0.4390625
0 0.7734375 0.51796875 0.065625 0.446875
0 0.44296875 0.51953125 0.0640625 0.44375
0 0.8359375 0.51796875 0.05625 0.453125
