0 0.41796875 0.51953125 0.0828125 0.44375
0 0.1625 0.51796875 0.05625 0.453125
0 0.49140625 0.51796875 0.0578125 0.440625
0 0.61875 0.5171875 0.05625 0.44375
0 0.1 0.515625 0.06875 0.4640625
0 0.75234375 0.51796875 0.0734375 0.440625
0 0.83046875 0.51953125 0.0828125 0.44375
0 0.346875 0.51796875 0.059375 0.440625
0 0.903125 0.51953125 0.0625 0.4390625
0 0.55546875 0.51796875 0.0671875 0.446875
0 0.68046875 0.51796875 0.0640625 0.440625
0 0.22421875 0.51796875 0.0671875 0.446875
0 0.28671875 0.51796875 0.0578125 0.440625
