0 0.38828125 0.3 0.06875 0.2796875
0 0.8671875 0.3296875 0.0703125 0.30625
0 0.584375 0.33203125 0.059375 0.328125
0 0.68515625 0.33203125 0.0828125 0.3015625
0 0.45234375 0.28515625 0.0640625 0.2671875
0 0.43984375 0.58125 0.071875 0.2828125
0 0.778125 0.3296875 0.1 0.3015625
0 0.52109375 0.53828125 0.0703125 0.309375
0 0.5171875 0.26171875 0.065625 0.2078125
0 0.34921875 0.51328125 0.0421875 0.1734375
0 0.209375 0.64296875 0.275 0.1015625
0 0.25 0.3015625 0.071875 0.234375
0 0.30703125 0.51171875 0.0390625 0.1765625
0 0.3171875 0.3 0.0703125 0.2328125
0 0.2 0.50546875 0.04375 0.1578125
0 0.11328125 0.50703125 0.0578125 0.1328125
